%Single Array File: 
%v
%2.0
%l
%time (ms)
%velocity (cm/s)
%t
%~<bd>[bdDataObject]{ }(<*positions_1>[1])~
m_x = [0, 19.5, 39, 58.5, 78, 97.5, 117, 136.5, 156, 175.5, 195, 214.5, 234, 253.5, 273, 292.5, 312, 331.5, 351, 370.5, 390, 409.5, 429, 448.5, 468, 487.5, 507, 526.5, 546, 565.5, 585, 604.5, 624, 643.5, 663, 682.5, 702, 721.5, 741, 760.5];
m_y = [-9.1048, -6.30809, -5.03743, -5.79582, -20.184, -45.9244, -62.9982, -72.4732, -76.0451, -76.6756, -72.517, -64.4658, -56.0509, -51.4997, -42.2613, -31.3627, -18.9829, -7.78649, -2.85331, -1.9428, -1.67653, -1.52199, -1.61364, -1.72002, -2.0766, -1.53738, -2.0097, -2.86201, -3.92172, -5.67786, -6.44588, -7.32121, -8.62907, -8.60407, -8.73602, -9.78679, -10.9966, -11.9627, -11.8748, -11.0343];
