%Single Array File: 
%v
%2.0
%l
%time (ms)
%velocity (cm/s)
%t
%~<bd>[bdDataObject]{ }(<*positions_1>[0])~
m_x = [0, 19.5, 39, 58.5, 78, 97.5, 117, 136.5, 156, 175.5, 195, 214.5, 234, 253.5, 273, 292.5, 312, 331.5, 351, 370.5, 390, 409.5, 429, 448.5, 468, 487.5, 507, 526.5, 546, 565.5, 585, 604.5, 624, 643.5, 663, 682.5, 702, 721.5, 741, 760.5];
m_y = [1.60042, 0.0993312, 3.8641, 21.3338, 44.1165, 57.8701, 63.3783, 63.2701, 61.4804, 56.0382, 50.4795, 42.2929, 34.0962, 27.7494, 21.6811, 11.2955, 2.12854, -0.0937078, 0.616015, 0.684919, 1.77061, 3.50469, 5.4114, 5.83078, 5.31945, 4.62893, 4.8629, 5.04462, 4.47644, 4.2849, 4.69378, 4.81397, 4.4137, 4.46335, 6.05598, 7.32633, 7.56535, 7.1161, 5.89686, 4.28787];
