%Single Array File: 
%v
%2.0
%l
%time (ms)
%velocity (cm/s)
%t
%~<bd>[bdDataObject]{ }(<*positions_1>[2])~
m_x = [0, 19.85, 39.7, 59.55, 79.4, 99.25, 119.1, 138.949, 158.8, 178.65, 198.5, 218.35, 238.2, 258.05, 277.899, 297.75, 317.6, 337.45, 357.3, 377.149, 397, 416.85, 436.7, 456.55, 476.4, 496.25, 516.1, 535.95, 555.799, 575.65, 595.5, 615.35, 635.2, 655.049, 674.9, 694.75, 714.6, 734.45, 754.299, 774.15];
m_y = [-17.3512, -16.0408, -13.2847, -9.52247, -6.53241, -16.7011, -48.064, -72.7557, -80.4144, -81.8329, -78.1295, -68.7454, -63.7031, -55.765, -45.6848, -36.8346, -26.4126, -14.2407, -5.67518, -3.99984, -4.56981, -5.75373, -5.96557, -7.27071, -8.33704, -9.54142, -10.6088, -11.6131, -11.1863, -15.4182, -16.6127, -17.3265, -17.7958, -18.6683, -17.2126, -18.0388, -16.5062, -15.2202, -17.1139, -16.685];
