%Single Array File: 
%v
%2.0
%l
%time (ms)
%velocity (cm/s)
%t
%~<bd>[bdDataObject]{ }(<*positions_1>[3])~
m_x = [0, 19.274, 38.549, 57.824, 77.099, 96.375, 115.649, 134.925, 154.199, 173.474, 192.75, 212.024, 231.299, 250.574, 269.85, 289.125, 308.399, 327.674, 346.949, 366.225, 385.5, 404.774, 424.049, 443.324, 462.599, 481.875, 501.149, 520.424, 539.7, 558.974, 578.25, 597.524, 616.799, 636.075, 655.349, 674.625, 693.899, 713.174, 732.45, 751.724];
m_y = [-2.42339, -0.183419, -0.913121, 2.10491, 6.22179, 7.19925, 7.01726, -1.98314, -21.7008, -36.5552, -45.0875, -52.0276, -46.2324, -40.8349, -33.8337, -24.2698, -15.461, -7.0331, 1.28462, 6.71885, 13.9412, 16.6869, 16.4629, 16.1537, 14.3794, 15.3375, 13.9484, 10.9828, 8.25101, 5.1925, 3.19656, 0.822695, -0.495141, -0.60157, -2.41522, -3.0269, -1.25117, -3.1169, -3.55255, -0.322373];
